116.08401288683017 132.95183412900715 142.4275306738324 255.0615860007 126.2818484331465 78.58464495504731 201.68333871514082 173.85027958456286 141.59174132525567 129.9283262812765 
86.8961180845582 253.10433560712391 129.6384870865948 289.3280285105468 61.13349468463934 143.56911177753634 178.7675231665971 106.80733777954161 112.74129611006971 173.55173111902454 
185.87558073889838 39.32682231088576 55.82983629233539 308.4817496919367 109.68933472458912 117.97104991815596 285.85664736836117 192.42377869472446 87.53887767459388 189.8609662797346 
125.85248720116796 75.83880136091801 88.67301860643471 76.5884755412058 73.83755938654696 108.89121229004576 52.163136316971055 165.97010168636663 236.97478982002107 54.59837998026759 
32.4425592091079 28.916645997300176 213.0069960752529 51.11957021086745 250.52833749969014 228.21563634213854 54.52497024693005 127.48120315078535 123.97223008990476 261.0235752531037 
226.61311257878518 152.0352170212827 223.58781890406644 51.8646953616616 43.41973711261946 167.94750001305144 80.00065120920438 187.933217977507 144.19875596938655 245.0131878727759 
138.06820872744314 63.495973134882846 244.36969138979364 252.095800035329 32.21668675503973 75.19219584384447 272.14287190214736 29.48694242621253 130.74130833932168 285.02744404176605 
176.25667904345568 215.48363698221547 172.1172438991816 42.85847309926496 65.37374346982352 156.47997695763618 291.36780099067 135.16593861509583 314.68295464697894 204.87010324399114 
209.53693448677421 101.91186293702668 150.25413601830942 184.0593192347877 234.31285139646002 238.2786097383208 196.6922833688588 274.88025229149025 294.8496108353939 173.08642949176595 
148.63827416201755 152.71089051812834 208.83360736730532 90.68625982117057 201.66284498452 79.59142748759203 254.84177787870462 238.12476981152108 253.10076946339672 230.63674586223712 
298.038498437012 134.37854906961553 258.37210308089465 309.04143008353697 292.25788836023287 173.4541556899435 103.33734454957018 78.9741904824081 256.5185304165454 288.15110496673583 
128.23344946396531 20.658573338728242 299.01747860895296 316.2845331235222 213.73746765997723 186.9367833623193 136.6503188293819 186.1644502630558 214.70480034803398 215.61361158814526 
33.10425889056507 213.12846209526603 102.12886856775353 226.87718116411435 53.5711093325791 73.92485452952965 48.86905268457498 310.09355543324176 309.12698175570716 200.74286033921896 
169.69391128793396 279.27190514234263 138.8256174855018 111.68704892347581 301.1863715734077 251.4973171769733 252.5522292010724 269.49265613899445 282.05787945183374 277.62792153822215 
232.68473033451258 35.27878405089258 69.41840039833066 29.553318378230745 67.60912087860767 259.1363076920201 301.5490558833742 223.3111762701993 65.13614357437525 224.3473404486894 
92.72434227821061 32.35886059517808 168.86579806647077 37.033218096756265 20.63077742646447 120.29692969378617 75.54682029248772 128.02780169702874 41.92887930591378 297.3414671886928 
126.47786445085521 108.77298561318612 146.50529291502414 79.84200989490807 20.99733611599564 198.03331591437066 235.96201227652446 307.1420553699361 275.10868313584416 111.22656295732541 
286.88952039813944 145.0789331077542 23.28811299696118 279.1671467047183 134.47074714410252 80.41998096036174 136.52151423507465 138.01927422074488 86.96269691482884 285.53187114056425 
304.617521519019 307.2566588433856 56.602666204940896 307.5799625696864 105.84357127630798 247.4257184723708 67.48585599836682 111.55455298114347 61.93184054964877 164.50912917775258 
275.96136389075605 181.42090977873787 251.50192265815883 102.68654439634317 214.09324243370153 258.6899776475278 129.9471301174182 42.289474385149965 41.733776229074905 272.7065770960836 
278.83129403833703 94.74708479006202 67.75554133338572 191.95205227767983 282.84293928310154 261.31983523816933 275.98938385425095 100.65813533058264 207.35372024439647 197.4178889203815 
166.4150176445108 80.02905040503136 24.627931706116563 99.3010240829224 197.15125057114906 148.36857767841497 111.73008470495141 304.9571147399918 187.79254149972832 289.40902676549626 
318.17731044204976 275.95586458751325 319.63899805433596 73.13904769638162 276.38353522549033 102.07481002125272 243.36644800335225 148.42701205719405 102.94223643142277 245.49440364415574 
279.6836205702877 161.7370064600313 113.79477387361202 116.35905782056271 73.52329180224558 31.23415976129525 51.33099704571474 46.50101554150403 37.31415983918101 180.57629031561942 
196.4692008571174 203.12398403808987 193.88049420631654 311.68871314871325 213.76213256183905 259.24331570575146 104.5162914452751 270.8190346389831 52.57600403709711 112.67966954117378 
42.78085827170836 37.16889752582755 102.38941551188837 220.40303823751606 49.56276244618098 138.3994747772039 275.25899961586305 190.02392885343704 179.95891384872218 272.3076416067498 
163.49868514332158 45.22872748784317 227.51572711967566 288.9696487599736 95.619476574404 256.95593976338796 286.37921999940073 262.64920624322883 288.57658839859954 307.1103308451172 
286.9009115576625 57.76690119782524 169.370841458517 126.61176632082288 315.24644373566434 68.22766463283887 314.0511670645661 124.57565026457382 302.5537032197664 84.40336941633774 
227.16514621505772 100.42178639689975 144.18742294919838 217.0672675330661 259.7043469709292 105.70867265698082 184.63709615616523 82.57724842546409 138.5915147245299 97.48991875469598 
278.6050190729379 28.604709127510326 155.75627782883598 99.98980372340168 213.83148966448263 154.7059889510011 39.84643003205208 266.39480832761814 156.2038645273365 157.03320190206176 
208.62155723715438 307.55793594564426 152.69642755253562 101.48133688605994 275.07589792292197 229.41282441934058 202.6880161272896 204.56851475807107 255.33735003233215 195.89439320070306 
83.2041103688732 176.34627898258776 101.38947119655766 109.16297240811215 288.630449629662 254.63679778375254 156.66333816178246 173.92879893785292 120.4448840019565 134.89382996289027 
107.5461771071269 187.67366754642458 137.51445577112142 174.9843479108383 78.8535927229368 173.56676286520786 52.50452806922036 29.187712460160334 96.31230550255326 247.8713641505195 
34.94686403553065 140.70921487364603 214.10027652582434 88.63947331753779 256.5134804416411 197.00492755283946 80.4910554267264 247.49110052943783 189.04321708547852 127.21469887956653 
89.64927776201567 121.27516177773109 140.86787496923057 296.0001734245018 42.62410947531508 75.408876952166 91.98474163093029 23.084710933705527 315.5876473750027 285.69242837603093 
263.62250640134 232.7921322658289 108.36499955955847 40.39594488397588 132.7472654916688 212.8810248749458 21.302989888684525 119.4154574243113 177.05566662241876 136.9716812980297 
83.52442277540244 142.29494267190705 211.0019400375519 79.86236971442219 30.614644526244565 251.911098398475 248.40577844248014 130.03192286451858 304.7874067951423 75.61792461804905 
302.1878820004699 278.6254539185513 225.57681978713387 280.6478280151943 106.7800348134733 39.22012076264576 54.10234042779228 115.56625438335945 123.75669218969374 227.667798702036 
248.9535674882771 304.57660010851635 166.2348043079235 106.31150481751764 286.7418849943994 36.472382838585396 152.58884440509092 271.87250326542505 95.36560744537286 265.0335095455843 
75.02794814616286 141.30494146273395 23.03576428312955 112.66348577537217 243.5819065502484 264.91485927578196 141.10908549573236 244.064446760237 241.04303312593206 271.04050832600205 
53.77542637860114 151.74699500517238 199.41069452834054 121.59082129598715 162.64614192807667 70.17149927049826 283.3853890453468 132.738899058881 309.29058854133905 310.3179937886904 
41.45929410069086 90.0673979827235 193.76741772422102 181.48130805115738 260.15007096893254 262.4627232307061 42.19764502078012 242.08849224208217 131.92491718041475 294.0548679406562 
71.4263801484143 296.3352781786012 22.361639164933226 128.499734814307 73.81995791839816 28.438562603342238 97.09366632189142 294.90092975634116 220.24556379682411 241.30166833481363 
144.08589752986876 159.6678171551074 54.280006514032536 41.38938129753591 301.78818281914874 23.6066677476312 225.69467122781185 86.6095390539766 78.71343180297342 118.54194570585004 
186.26344646442644 188.9981040401288 24.98711806345834 132.76441165967537 145.94053987852138 39.004584298586046 291.41507944579234 269.6030190034123 62.45501405392345 193.17466115020656 
286.6165510947207 118.41750595373165 212.36899091399982 242.02687542234918 117.76922166340086 92.30847518626781 166.64630008423893 149.9203769610949 75.51322941206078 61.841901516999116 
268.7785667143737 33.710399055630994 198.56099815008554 89.08489745344407 188.51545375300813 21.988527322263757 228.55970680438122 141.24965696526326 299.24612347246693 111.70454314046765 
40.75337079873802 238.24241847517123 302.0786578237453 313.96671225793483 110.9913312622164 163.41431154039307 94.66431689982211 255.8174394730066 154.63006543122654 41.81103327875692 
157.8136008398051 179.7811354245345 147.87516120198285 165.2181094861223 307.95092069142305 257.9811515775016 217.11039378491947 318.2987647303318 238.4547385111484 312.6227389579858 
156.7606870680465 135.1211317814695 247.93010515404464 309.6387772022624 311.2359401091412 290.37175537321497 28.460453797446487 267.29525853089046 231.50248124718684 204.55227041174552 
