156.29510738102258 69.64923078805192 171.16218657933348 88.37260341019753 134.43847240883667 102.69726488111124 90.31227374317454 245.62295816767872 45.022326917654446 63.011628887100734 
139.32256385264927 215.5971268801868 229.67850260010616 171.85320079237124 175.81046825736829 199.22257366253035 28.927067833418633 143.09455554862242 94.53361673786125 172.61607208125375 
256.05351146175394 119.9305285068547 240.66677170263577 244.76141800096556 186.7482639358211 219.39218633415445 183.07935386934744 100.04124173470568 143.61010150229933 29.390653549811482 
207.96513862679583 151.5995077988971 67.1150247704162 215.51743373839474 205.67566830462295 94.01131385649194 27.152136859122454 207.3277722964766 186.1090084653003 106.23643745047164 
191.7280994136915 246.33358987456918 220.50529845037832 18.333288677440127 81.94174943718407 140.43257621180106 170.0008006640351 67.90983475011339 254.83039375831677 132.0000349921874 
123.79186716093082 184.78794784483324 118.18938829556174 99.3699781504102 32.26049635643746 54.85789305716603 143.9665394281125 123.93205094273534 82.91298597057194 26.599394823197443 
59.332917869737564 17.570933359950377 179.4832600287999 236.24592598642363 157.03156833944686 217.67462224666025 197.05242259716675 140.06869325810763 179.1058190463469 19.43830862169548 
248.53613283872943 204.7570098171303 40.608594188868665 177.69034210829227 10.39131122790792 69.37148595636575 222.39440554606605 222.96681629221928 217.8937845482448 54.84668568077221 
224.59557351013675 149.06141034018688 252.8384260763214 209.51977143384138 34.88413943367035 191.77700765819836 59.01332593415797 141.66171966501582 128.1211816909037 231.10563192727537 
183.29956850194253 202.48766480497585 76.49498801326337 161.56333864286185 52.74820589012604 145.62292269643825 161.74967170124862 137.906514951017 160.4859428954377 201.501278987045 
193.60584632306433 165.95627619912 145.80113547837448 67.67206186701694 50.97484033128323 70.75741758213307 66.26164240110614 128.4926274989889 25.06804944413992 186.7985180325328 
222.2161003983812 30.182768209476066 106.00304047054244 177.51978325747166 206.5301830094725 49.71760659680701 167.00787962817873 203.83518595573216 164.9094190316834 258.53558434516646 
62.82528972057743 223.8953988484222 64.66010650906568 44.53803998171309 221.41822284385523 18.818184726748306 82.23989262893546 118.35701975667273 120.57838779642964 101.61273356288 
32.44962808299822 192.36779166898523 103.53923504339731 229.02454196937046 74.61797127076737 83.42270868005113 50.19513026130789 48.527364168696174 243.6303788417644 52.78293025370425 
233.02805726490516 225.18885397276668 166.1540231467651 259.22458307237554 249.34359810537154 205.6364101701613 134.91017809967747 13.795946436026377 233.917641037712 88.84979080423432 
26.34565686115433 87.20215564949414 118.65545797603976 136.0070888335872 109.55487451049355 133.29407037211809 18.364611447625347 14.110629070113697 106.80407627609061 104.6378329002559 
134.2433866811811 180.61929134179405 178.50928400189986 98.64161993288306 129.18618090056503 128.8139073197671 68.01956288745879 135.21630464333492 241.5075063438287 26.122234094210874 
204.05712951396455 179.4463966342879 216.18614152427526 90.13008674597936 121.16592740834378 35.24799708813718 195.2309289286151 109.50518328994646 121.02010361348277 48.49020188244645 
21.269923169594463 79.5602935502303 159.94412986320384 120.5565949877248 220.96429651857108 234.6822174035706 10.495951538735746 95.82335991210957 247.3486965221868 72.35315973664657 
57.46486888971543 149.0305863176291 122.69948684299865 25.99109274618754 151.13562869137243 111.02332006172097 186.0325716161535 256.33565243856765 253.17029857312696 233.83892820074539 
211.83226612693466 93.606117116898 172.95954188863922 208.61733652239332 229.112804205203 225.15804265198452 254.79477036763876 62.31073163282674 182.414084839946 35.86513771542387 
188.7128203592483 121.66920879699937 138.83312361273317 70.95288857862451 180.36465412151802 45.47903765173652 57.69291017348326 153.51055577157337 27.75966677430421 238.53003630324824 
201.9500833406332 251.40808014481286 215.23721026627229 23.288623483170866 82.94311573588855 250.84442563354617 197.516775274772 257.75312309384367 142.58248845351437 106.25399126223775 
109.17854856013814 150.46790385543068 189.5844377782846 148.79760292482078 197.4257811052292 86.17285946772483 168.84988669985333 148.16464483571784 88.48061564388667 88.06486974124363 
155.59000726456966 34.91295108285005 60.464836848804815 105.14772017077611 28.300121507403453 253.07295198526126 58.11726542565437 125.64711481805534 87.18340004351896 25.242645395112692 
247.19916811433765 179.96730654284477 197.12594499022842 124.90003479564217 218.9393992562833 109.16589935537071 96.82483364550839 63.15947953761818 17.370755824721492 37.423441924292746 
78.17068910471302 159.69860465381768 224.90914050491347 49.484290644693054 52.48632630199023 30.08229941309053 154.02707246327594 136.54536316292058 82.72301916893863 84.21037568508812 
255.3731124526968 36.56935575767513 23.215995139010282 193.11544694218588 165.18882571201434 157.49892067694142 221.10070455284253 243.83757475529129 127.37472450973135 84.34844202273858 
45.99137619812165 114.60229390148562 88.05685663077541 233.64989697006936 77.02351270993456 165.0284977476108 73.00557292598808 31.229476302292465 88.8618240266955 148.59283786858802 
20.758011700639447 51.79135605439968 40.7751390062499 17.07712515251524 56.79588707836052 121.28537806545269 85.37997034853147 149.2253472357818 256.6301396058857 195.535047995468 
176.15415558273048 98.3368211852148 258.1440120206113 141.10249126136003 165.32223995212294 16.022083231979558 146.04611030900804 106.8669151456173 96.21410404826094 221.8480586886357 
93.78499993937619 237.29310763625773 206.69844056038332 201.09907473852326 60.77692533665959 40.866605070769964 222.79259603026293 125.38026109152486 155.29821552132316 39.672020027038364 
84.05039501686619 53.289958937378806 85.89388016097764 138.59111496782987 54.8294718742665 30.887629173879237 186.6540502263694 215.09719690087246 238.03966607989761 124.18387847849318 
64.20976191248306 243.12241669845756 70.47407150916837 228.37911468982753 226.79965792263363 76.97444961840388 191.32430490675094 61.077455655411 118.25917741945645 83.7792244893464 
137.98150758211295 59.202401149578634 42.28378825157538 125.42619859128477 135.72470332160492 211.84082682534446 24.81786069953428 203.49276560061347 60.39804703377004 173.7419532277259 
224.92065625603115 143.12432157024463 215.6784883999954 66.69770540872868 66.9611107777816 254.3466415066273 129.0355210202669 188.53115901229512 79.49287993611478 221.78701142053163 
132.9844575071155 161.91956101258475 238.6612499351782 36.28076282546627 60.73484327551736 117.77849990195537 176.4934875956275 94.33974210492035 197.83561898254436 70.43382340807801 
176.92416385480738 153.9593002550075 193.91851956730235 204.30779844281173 194.90700801749335 147.74028513228492 201.14128072940505 104.34616537898114 196.464910627232 166.80275023583977 
68.43229167077926 24.91253106626428 180.02956337447915 241.4677671585132 233.1381624935645 104.37683277607408 51.922359499509206 107.18403897254888 14.175809688646144 245.12420759057812 
91.32807849655235 206.6758153058893 73.29064172893908 191.21107206890028 52.612932011004744 241.78867785189192 123.52236438292837 148.39477837061654 15.338537577006669 151.00976971184937 
26.48000452639137 103.76355294939584 154.82337287284625 201.13901309869854 232.52768883161357 64.69316409063957 168.6032939052911 194.087924191561 80.48277052408736 249.3569517628097 
156.64262323417594 102.28249702633833 35.92782382219936 73.51578712823377 65.64745684092898 258.6468602069076 259.73810483783126 90.81448528701335 120.33269761501045 39.64407215136716 
210.92604511950861 106.31122183601722 226.99433553943047 42.350842476909556 50.404274170538905 245.4666016138114 147.2386781270609 69.04255827628802 174.7688507451276 73.3188426691851 
52.21992266639213 45.265263191066545 21.70414151291438 171.07168470857644 130.23775706464392 59.87115988707122 101.1110101311112 139.82160240670163 233.04649446823498 27.994140413555904 
18.559790704942365 63.65083411549834 108.72731482716642 40.44199141995063 70.16969191176253 26.81283429536454 81.47520240235558 25.481717244416632 50.51613743451946 92.23669559406088 
101.15208718989446 161.49468931536614 227.6676200620675 211.0771023311295 147.95780347565733 41.47807046810574 251.95364401986907 95.53637062642319 40.07039770861805 152.8690940952467 
77.56531239949334 149.68516114498405 254.60737841720464 48.6688385854915 38.590102585481915 115.50838803189916 184.75943104382657 148.34195589750456 33.582410762377606 153.90294167433905 
68.44818483396685 169.46897795967095 85.27145496661485 142.85372092472915 136.35959377052188 253.6277472867726 104.50801532058483 37.51461291135757 89.70450192597548 162.48056011412783 
250.05169218318593 199.42089185598167 80.55791238225123 232.54350697293404 88.300118013334 164.55969923912377 180.12859528340996 89.61469400226228 69.56180554338897 132.52510094700574 
132.81051878077858 186.3377721794433 149.9740959986485 21.484273844748735 256.36771794658034 38.87745962693902 200.66782476728554 246.18146455875487 161.10416550939456 101.18354564472969 
