88.34472642252872 198.93304671123664 52.994553985708265 280.9275508113839 85.70580778113607 
233.10630744538136 208.51150336579718 134.7856651193284 195.6896203147674 95.9018503529021 
168.50049853381512 99.9597605763648 72.24413638387882 92.0504185881078 213.94244487691947 
122.02922225284115 173.6195603580831 67.30265318503272 171.1961031924827 58.40151599060848 
74.43142234534184 213.62425745722297 271.1407103591278 56.5145075930827 201.08188841792062 
141.79220881873164 149.45015919297782 151.588391870528 44.83603445869633 244.43905711953866 
179.79563492817326 144.47400967719267 81.85007326780587 147.59206360390513 106.7736113486458 
295.1445020677539 304.4483424029279 223.75405194681488 220.35605707154417 142.37716688149598 
42.94594181034802 214.57294228890837 188.6597348927329 35.17231712500773 232.3139069511968 
186.14675702361714 40.83146481132737 136.45614727779736 52.983799774486954 115.01096867406565 
66.84623140851212 134.6143554826046 50.088538421288824 177.85515519220922 76.01501290312768 
273.40347186545335 210.4364262427668 293.01574137563307 30.999192442705983 185.78675941145625 
151.51519431089235 236.79172691443046 249.12843565796163 192.24152364753175 251.8229308327646 
232.63032952025463 37.81892856703202 199.0847444967026 226.82281670053953 186.22934753747307 
305.8887995077709 107.36391796414216 129.81849811958995 314.60313249055736 167.56766612304548 
317.859902555406 132.04699990067746 292.1591033725659 130.99715119391024 92.74877655124735 
311.28601706428174 111.8315791349692 238.0191764703301 309.4694138676604 253.27253975187432 
234.31992600372638 197.04907275448036 117.3438449752524 145.22955745014048 173.47774467285655 
225.83018798136726 182.4970994307183 315.79787128368446 140.9001498797676 195.86703378697126 
81.62351379307441 150.6697357953062 247.75582941562635 145.33373948044976 280.146373585836 
88.22135226386166 236.91092389916003 202.2546952132342 305.31768755833855 274.4409595657106 
93.39149706861889 134.75438348449956 99.80507243092293 31.449479809714326 156.23149263396797 
20.173050552899667 216.31254861235777 268.91056086427443 29.7531106117523 299.84530853618855 
188.7821334320783 242.62689924562937 167.32635836873132 161.33842482180776 190.723177661936 
239.61974136525367 175.65482329060913 164.94722640234383 66.21618211336953 243.988363904131 
262.6343306598152 106.24241375689752 94.13809149369624 312.84649613179874 26.831567186274903 
281.4692811826688 121.15593418271148 66.63252740624341 261.62941200622106 297.59362255157964 
74.03557936070362 173.09031738622363 22.085892425270288 143.79171881340028 136.8125852022578 
79.21762430051152 177.55363362574332 216.18132703617462 153.37199673874915 120.47882351930743 
148.10670396823514 62.59047119292079 290.9839352286226 311.57902341446066 97.82167369840656 
189.16099248336346 275.3418801066693 198.0962395778799 232.95984009800964 245.58363928310607 
282.6505054679631 23.268656153669557 28.097407833854874 180.76167909591615 49.30996098179837 
239.23377616934937 278.2505797789056 235.69980589600868 34.74345695611701 67.01633092432692 
150.04234035368623 215.4152961787367 147.9150412125916 84.56186878521116 79.95796042293651 
56.66824745627715 23.084420787331034 97.1128822702664 142.73587392042282 183.30777428562413 
105.34574964498745 119.22428871940814 87.94103793828276 216.03104697448478 181.49719295292155 
72.7152597776653 117.76747339247186 78.3520636986081 166.78819133837968 179.85413228706548 
54.11695271436731 115.57700764853016 233.0912915546936 206.07342934248004 318.0006993181606 
218.58305088200095 139.04542004079934 281.51170398981924 119.31092894846964 119.1975302608245 
97.71742333177598 105.6792052648485 30.00915353715558 98.97431915041724 192.32886132823563 
314.5442198669903 288.77812014208564 228.164300144247 225.59478126977635 264.3368902358806 
60.18422289538205 226.67680048941995 163.221527710728 61.36748078927478 246.39732088360043 
313.8288798293586 207.11025599370058 42.15588191420319 224.51477083011466 188.67929841222443 
208.8131933432937 283.1693122940986 257.5365918559318 257.74415596386757 308.78947824319215 
94.46502928036377 102.03866283135518 301.8908840876349 262.00735623327876 226.53494754139894 
310.59071983804915 149.20769638370163 85.43979748327776 94.64901816586621 201.96619059954944 
95.64517244473629 238.00016899324007 99.99428856977921 47.19056410937218 90.22695251563503 
218.46508712708408 301.9064797379748 94.47533902028816 76.62644919707623 241.93113920885884 
270.4909899736844 231.08429149222528 57.90633169838712 230.3524322498811 223.93010133705997 
255.17899206848202 26.217744898828016 27.705816233777718 29.77346558443405 205.6904754454306 
