54.03866668726841 47.3758016136527 256.29824571942993 233.90677123247184 148.91975494903969 
61.16572741468525 154.6770312416817 171.37821923337083 84.57554849478126 217.67599691585545 
122.30732044319416 251.43935992536368 127.54409647174805 116.25631363196983 160.5424492476243 
94.84412426843261 38.981300407378484 186.38218623930763 154.21251649334465 155.62139436071985 
198.17722111280895 141.86349630430917 134.1253869167322 145.44502186716358 183.9734405371415 
121.71391355635421 52.64448211843841 207.65294716430344 65.05790109759143 34.28258798184618 
104.56990357536507 138.76690296084226 212.61394769048002 183.74974638852672 188.0494736705846 
17.864298843581892 11.300019122585622 70.5877549650425 162.7462220401217 166.65382079973935 
157.0366117223349 70.08918794036654 124.98895350025495 175.6063701049382 42.57700098589641 
255.5634769066116 232.132355936385 43.992832787043156 44.33844273785022 195.30368649777412 
170.85330490622385 44.180257489003914 86.47021113898114 114.92504127936475 176.60985500331964 
233.03807636455247 170.6351782570628 129.17666199714193 73.98955424457523 95.80578850508289 
122.48148811092045 59.828167704872556 120.17356221454871 120.27383552645986 118.28079334770646 
168.7326447601741 246.2431989169686 161.62911675376222 117.70972853561025 197.66761126868533 
103.55545535767088 20.816722758451053 141.2511236221951 169.055435124781 134.91405741913272 
221.7694818349351 143.1915179192294 214.16490314694926 202.7625637593914 35.35688140721687 
43.69154335678448 257.8953491646273 119.12621409274756 110.40489748530204 45.90580256004772 
201.74509257132308 234.5289135901392 134.63829602470076 176.62867079323587 59.06552255765856 
55.612034366327826 10.897008226574458 51.442705066057655 59.202603753548985 173.68157439133 
96.47810824159788 177.84618071672284 49.62725211450763 98.91019274310824 115.954956199543 
172.33630651914038 87.65611650006593 157.42073790740545 170.3250704179117 79.92467029327193 
175.86446251110428 170.9778048055431 77.83831965130076 47.061542434732864 157.79253198395455 
201.51387578877723 94.35697129514996 161.4455353258987 103.04715480181095 205.21662412087167 
123.59913238884641 84.69517340144816 73.3999771080856 253.4039482259979 90.1172143267391 
166.35900407840583 223.98399131263187 39.91327238278227 210.36292273177853 40.240761482778154 
256.1899052014714 207.2316914548369 209.69037918594898 16.516136814393363 51.36388094140034 
86.09355308059354 95.64887440956295 145.617777178104 126.90823530682017 255.7719561925839 
160.41690987500397 142.36497172805971 118.88667103571673 144.7908356574376 197.7289957820203 
171.3147233216596 57.73555799897139 204.28410631880496 232.14683071518786 56.81065149137631 
16.18288438134826 248.72847476718636 121.02638865264494 43.70633738673892 20.97639842098541 
121.27647966319726 202.03251815761965 47.23968874247244 182.5225217901864 153.41630374567004 
221.5525552074664 143.03484053017854 59.03757192814617 201.18492393905814 91.86057125553862 
110.70823454213512 84.312913523956 102.6612041588323 87.38378219500052 157.05529111911633 
200.69554107026374 213.96539850914266 152.92269697906715 257.2944485186166 151.38566611980474 
243.49173466401598 59.17657440761369 115.34493284396102 198.65291361066377 166.60059169249072 
203.4257128179342 56.61492785991136 97.07263569990236 65.49679496999258 165.72218775571903 
229.27669201712138 213.38393815818665 51.52067468415846 193.44056050138633 52.505163488534336 
247.07098178175906 239.57838263773485 99.54014831345015 162.65663965562433 68.26909613238965 
56.93805984004834 122.39039975315637 170.86408488609143 252.09728855074695 231.11840360638462 
107.51092683652166 108.02559902420185 201.0187360452428 114.09623596999865 184.0777951200061 
245.66268797970585 59.33073683101832 62.559545757641466 171.54760297685755 43.62478501749247 
186.38579294015648 156.4326899523583 14.250919505391693 38.11669579888168 17.645321166885182 
100.40019875476577 104.30664026592237 46.025477244002566 205.1675538727931 215.65584947746657 
165.70883587554187 124.02327984248201 241.63120328427235 241.60347044761554 184.93766569598188 
33.422806905568834 84.49648992275922 229.7361381896503 185.94586645117437 24.261855194337453 
109.40502125566472 124.42023837642662 209.87241222413047 64.59356992799988 34.420156598823546 
187.81104078225493 172.33497301640006 203.4589400742594 19.209346220999226 238.62626058872374 
83.65259509373251 68.5181129090258 205.77013097269258 237.00425813945142 179.85026569145833 
61.817085412393325 29.801173043146825 60.17336998374877 74.7969473533401 129.66630119678132 
194.32007308566693 126.15895438746342 106.32851537205961 45.10782788078387 259.62943558475945 
